0.0,0.09585722220876436,0.12132505312613384,0.04691276387448229,0.11051682379223582,0.11204343639763104,0.09792509707626129,0.08926650615351872,0.11983227030654797,0.11935726081980669,0.07009939806831944,0.08234516336538034,0.09538660335869353,0.1112360104210961,0.10032268789102106,0.12606867857061665,0.0645154960918336,0.12073589182155553,0.16514473677455355,0.08207698082455261,0.13336377299250868,0.08899493421412774,0.12346605833534663,0.10364758502602123,0.12323270222367644,0.12817274810053092,0.08331673930381855,0.13721899330601028,0.12872303319932454,0.11871191842660811,0.08661178233061784,0.1087199131185026,0.06658099110285853,0.09536249385108131,0.0712663010548028,0.08182586627758126,0.06898418932429373,0.05853574353102342,0.10616793918668876,0.15382028441777273,0.12420738669156994,0.13453721374979755,0.14259464229238372,0.13561520653360182,0.09289535282547401,0.11652939768597714,0.08393966328673608,0.08936569440663589,0.1377071691561802,0.08565140439757013,0.11763001358230163,0.15020671734466762,0.0606706506197614,0.11280067387544834,0.13863020659018166,0.11837225253787786,0.13085247334303607,0.1406625280223761,0.13819252863818055,0.09726035529769084,0.07318254028494653,0.1272438991901632,0.12465097441115469,0.0980552787885105
0.09585722220876436,0.0,0.12255221330244537,0.08981100512579554,0.09501679018620546,0.11545396466686664,0.10689383699641353,0.07276239529016582,0.12670944075002333,0.13056758794264534,0.0910928976864177,0.11368332650990509,0.1229407272792431,0.12227949858397114,0.12167771109752401,0.13417298433838276,0.05280925148770932,0.11585709832751978,0.14979822012813748,0.055976018159727636,0.12778221968434245,0.10694210794188896,0.14210801427921937,0.1062003621643074,0.12656494962800624,0.11878335272887275,0.06769559510788503,0.1374750595521943,0.12248252702766471,0.1268532853925325,0.08182501881834958,0.09870464468995543,0.08168560332388675,0.09160248687079753,0.07722768754302822,0.10535322053457674,0.07953668249914381,0.11023301818722464,0.12948067389231965,0.16043267443543008,0.14454609013660902,0.12926082413545137,0.14659916599165834,0.15274039357018232,0.0944884656349605,0.13255319699864676,0.08505930051007404,0.07759305377329229,0.14415640025701304,0.11860536070261918,0.12675483811850574,0.1521033150801424,0.09183978713204455,0.1306603278067866,0.13266894748181368,0.12316794234797646,0.12875302146672307,0.14974016068630291,0.15459404531981658,0.10768629865270019,0.0708488518332614,0.14285347717570185,0.1400359977603305,0.11235703218639714
0.12132505312613384,0.12255221330244537,0.0,0.11316997108380711,0.12989205877339938,0.13385019880091176,0.13996439728351384,0.12172167899462738,0.12981602041396834,0.054211518782885326,0.1314231398196356,0.08692379916005788,0.06272710486047162,0.09532165222904354,0.06926881011641062,0.051840280151553175,0.11741646846979936,0.08222690521132192,0.130187801131311,0.11889097708038388,0.05545913258811974,0.07926503136742147,0.06337418089710545,0.1267277930577254,0.13039390220006097,0.12396978987405394,0.13538826409148008,0.040869231263223504,0.0726402065926045,0.13442081322966082,0.11467977085276049,0.12879015298074048,0.11597185374107866,0.12702610188388963,0.11904828098800069,0.1146001927260396,0.10508328422256408,0.10630117160667052,0.03628625351514425,0.13249054022926754,0.06131536107899027,0.07755132640790696,0.14844363351819867,0.06661776067023206,0.13336822717089925,0.12771555650892497,0.1313557377739134,0.11069303346972947,0.07787596546550235,0.10554096416962033,0.051795225675345224,0.05765930618343218,0.11820127524301194,0.06128627212989202,0.12088857942697762,0.12051539017848933,0.026906478488335495,0.08486038535733087,0.07371646096768525,0.12287000677969528,0.13803113738509254,0.05594876326803333,0.03540945530851913,0.12015170512759232
0.04691276387448229,0.08981100512579554,0.11316997108380711,0.0,0.09603692474877923,0.11514002030226456,0.10438489990322164,0.07916058024405692,0.1259983213667656,0.12464899650279493,0.08133796359591017,0.07177955809521386,0.09505396350862694,0.10357104759052815,0.10316039444142933,0.11680223322056871,0.05141266017844304,0.09721272256221991,0.13172371991191778,0.07223836560336283,0.1189121859222938,0.07892896284405793,0.10152112374362798,0.10483071952294443,0.12500743638748624,0.11259352922443344,0.06727105302091252,0.12293289082684611,0.14517356476577792,0.11699814513834939,0.08383694315889112,0.08981170733335231,0.05509495086831029,0.08086729545500215,0.05940625441426284,0.08434656228004267,0.062323042775950355,0.07527677810623101,0.0923855332148169,0.1503720370551188,0.10418286949510303,0.12672970148526574,0.14369008546341544,0.12072737001456857,0.10680734256186808,0.12089047371920836,0.08416227002028276,0.0968706743516703,0.1440311144229739,0.07997738832197387,0.10996026701289963,0.13562815354258428,0.04683006004072976,0.09762735730337513,0.11548525574068491,0.11247009563127097,0.12677555196135304,0.1123996792980968,0.13739411433056448,0.0982673591165194,0.06620292338441114,0.12052000490408643,0.12605545178509558,0.10499020104032586
0.11051682379223582,0.09501679018620546,0.12989205877339938,0.09603692474877923,0.0,0.06212061522511614,0.054262404727199676,0.04506121267973129,0.058400468386094806,0.1420758819006881,0.07966858603417393,0.11365386512087239,0.12913069559865864,0.13108815169979737,0.14426387881919323,0.13862900259747168,0.06178537594996836,0.13235311630762892,0.14531988161466602,0.07904691757593119,0.1380166075468121,0.10877256208250263,0.12364079710942477,0.07784909623068237,0.08951682524947446,0.08516581672146994,0.07632208835610876,0.13525998299328823,0.13713097698529841,0.058802106747291916,0.11570843970299627,0.03663261694697273,0.09616637062858613,0.05650386818565867,0.12111998223751197,0.046476308373711195,0.10833949980245439,0.11527027369604426,0.12107229669171626,0.1313900870927791,0.13379284036513206,0.1343558543447042,0.12971185490689996,0.1402678086368856,0.0686808534329374,0.05226713093534208,0.07848047588070173,0.10381686404523749,0.13909379922919018,0.12589772907504793,0.12749977250796862,0.1469484299970052,0.07828516369826122,0.12842683882011707,0.09010742708030028,0.09841954089873561,0.1382995765881163,0.14945015624003966,0.13542156247498804,0.13985298243381317,0.036980330477448864,0.1395619178403621,0.12172518322774983,0.0633080044651072
0.11204343639763104,0.11545396466686664,0.13385019880091176,0.11514002030226456,0.06212061522511614,0.0,0.07790135164586809,0.10797862652310264,0.035649328368143274,0.1436319590406273,0.1158728601660648,0.1294155549407584,0.1334050309572835,0.13600038289569838,0.14037356191046546,0.13319367254596426,0.10604944226101332,0.13603461625817803,0.08781981793198668,0.09813571773843177,0.11668624640316771,0.1304083438747874,0.11797656472730189,0.05107104939054097,0.0257038358967121,0.032193841913452204,0.09367750865796443,0.13196495879873127,0.12646786418893252,0.0003608819345930492,0.12850015696351735,0.039176828596156454,0.10127253121814328,0.07092227120336625,0.141606889438748,0.0490337213901183,0.11438498829721977,0.1398391554023305,0.11314822538201563,0.10385792131181104,0.13267762151749363,0.09340947420634094,0.09410199396835461,0.12286258115079107,0.029632296921777934,0.03625838422454486,0.09430410690817281,0.11514884070908715,0.13222206311954587,0.15195330394814177,0.12786760135389252,0.12462878070415462,0.10958754836786178,0.12238055086688071,0.049976488744772674,0.030994387978157678,0.12422837111178997,0.11462331030782047,0.11908949375035438,0.13423403733587524,0.0709328844667555,0.12536103962349632,0.1297762518009563,0.02492039212466568
0.09792509707626129,0.10689383699641353,0.13996439728351384,0.10438489990322164,0.054262404727199676,0.07790135164586809,0.0,0.06042179779588874,0.09810532900811186,0.13797336956811546,0.08142417362322452,0.12743624869883508,0.14313667479513903,0.14981306914653392,0.13271298621176864,0.1434373613113369,0.06647478763129377,0.14142312234985055,0.12131023361092053,0.07119529336773978,0.1233824914126731,0.13868996573170556,0.15396502827776992,0.07148386544510932,0.07332502556061593,0.07753632479523553,0.049293352930360745,0.122175623187602,0.13840584237684517,0.06555770078096468,0.10486447086006767,0.04593707598938346,0.09563575268373292,0.08440687012598613,0.11787874787234887,0.03539496637939088,0.10962924996107326,0.11727866292444178,0.1273469820598876,0.13472204587303027,0.1325475114998501,0.13624012424587528,0.12220694294564693,0.12773608868881892,0.056140396799701064,0.06155114081829893,0.06882086589549585,0.10240718914868274,0.11878054569699115,0.13509729961415295,0.13019845822686782,0.1430370547578429,0.08486349654821124,0.11090537849758753,0.08140516694902633,0.07429137858114232,0.13188301234557975,0.14960993893915853,0.13974285673306563,0.13454390423145912,0.034716721858732424,0.1145620202511114,0.12938638364624888,0.058919972264024456
0.08926650615351872,0.07276239529016582,0.12172167899462738,0.07916058024405692,0.04506121267973129,0.10797862652310264,0.06042179779588874,0.0,0.08868095825852629,0.13058456543565333,0.06477118040094432,0.1231981109567647,0.12350923003700076,0.11703588096929751,0.13187394676251685,0.1317857968405276,0.06332772152414379,0.11554355043066256,0.14015630058959727,0.07523059610038907,0.13828354833650236,0.11101442802508654,0.13092691554323777,0.05213810319063683,0.08651857874844437,0.08739601259592122,0.07184733800469778,0.11160441839757407,0.13334993431900233,0.07324044444659916,0.08823617058039468,0.06515439744624885,0.04901910147014277,0.07108254384773116,0.10290856586497077,0.02147846351056948,0.06927547124350253,0.09809046444462699,0.11918254053726729,0.1261183044046088,0.13745260961085126,0.11670035095452636,0.13581394368762534,0.13221395969192196,0.08360714745467535,0.08805215067750394,0.0753885495397646,0.0819342449200583,0.1410575639819044,0.12176069793878863,0.1265288959070141,0.13350876671028866,0.05874001216877911,0.10530907034252723,0.09517054808334136,0.11847162016896928,0.12542709376492633,0.146699952536952,0.12104658812204794,0.11059471792380127,0.03680392134219157,0.10922685428381484,0.12024238969230439,0.06236386289427287
0.11983227030654797,0.12670944075002333,0.12981602041396834,0.1259983213667656,0.058400468386094806,0.035649328368143274,0.09810532900811186,0.08868095825852629,0.0,0.1373160017009054,0.09814689177469482,0.1282108535769656,0.1446404266541026,0.14025043429754647,0.12461072279624896,0.11089544138620144,0.10661444026484268,0.11856988891536979,0.08941856480476562,0.09947967093243815,0.11702942592608101,0.1261082069440569,0.12394816947733867,0.06570817497913428,0.041014710807210863,0.05178889263022879,0.12024845588948152,0.14590976644880083,0.13189588425876675,0.029818101572139377,0.13397051669559878,0.041590799946912727,0.1186596484575766,0.09603659658721464,0.12080716462883057,0.07128237082188582,0.12282893939923978,0.12221872246658283,0.12431058795309113,0.12794559012040907,0.14089907352855557,0.10769859770095003,0.10085805036957296,0.12717454837282682,0.08159682614019603,0.037867795384553204,0.11360769580697083,0.11306531568459066,0.12448899165183003,0.1409718160072816,0.13558479984359828,0.13825792753884925,0.13162949750932906,0.12224771784553545,0.043651419652806056,0.06495767906219085,0.13058967859881865,0.12576028187848132,0.13986488344424763,0.1432672746053264,0.07585293366593915,0.12895531949492134,0.1381035257051093,0.04693673793851305
0.11935726081980669,0.13056758794264534,0.054211518782885326,0.12464899650279493,0.1420758819006881,0.1436319590406273,0.13797336956811546,0.13058456543565333,0.1373160017009054,0.0,0.1267030912075291,0.06590086908414783,0.05121926108221875,0.09199791771218191,0.04843944029469904,0.0679940053430147,0.11404316214233434,0.07417785587881154,0.13979130356422698,0.12513097059554146,0.06981870637575227,0.0616308476226185,0.059148819935219255,0.14703417302689403,0.14589058654824116,0.12015113690105073,0.12668381274549034,0.045083128880657464,0.06174978977660206,0.13485110364911668,0.10136962018851758,0.12073389176827953,0.10691293514381273,0.13348512187817352,0.10059818475411242,0.13014205189384653,0.10656985538450547,0.07772358187926032,0.02583093033038264,0.12742874318725572,0.04063324745633479,0.09011735577129032,0.14276845011004002,0.081647981206033,0.12548169515820362,0.13089391184827914,0.13275798087488577,0.11303290325459903,0.07574958982680513,0.09166324583897068,0.025684139837392594,0.07790405482388729,0.10482623722548112,0.045014797474212886,0.13876779115719107,0.13065402845881402,0.08026476174557051,0.11137970441369294,0.07472998448171253,0.10741139062822924,0.123149158171319,0.05636170032447496,0.04559310042620468,0.11505750971643347
0.07009939806831944,0.0910928976864177,0.1314231398196356,0.08133796359591017,0.07966858603417393,0.1158728601660648,0.08142417362322452,0.06477118040094432,0.09814689177469482,0.1267030912075291,0.0,0.1042058349604964,0.1285227233350279,0.1391283983769993,0.11770577496307133,0.13508665193922298,0.03815473800445368,0.1101885899188978,0.14105700611091232,0.07188456809434174,0.13414729034881612,0.10127731100854154,0.12437826107659933,0.07660883024990484,0.11296760666546857,0.09958194077430049,0.07742077991043617,0.13181258296904375,0.13208399506432467,0.09491845798881204,0.08929286617515408,0.06455684502037906,0.07455072477341229,0.06304203804305109,0.07776909808018584,0.061577446242083056,0.08460211999206813,0.09530334074496027,0.11380246773127733,0.13702141338693408,0.12684223710269305,0.11870007462518029,0.14386305379992081,0.16140477760913285,0.06966258108983048,0.10581027096563744,0.07765884490658159,0.09173550182246415,0.1364663505753294,0.1266225690437307,0.13733345693989407,0.1370549896479355,0.051247250506995745,0.128078542782748,0.10359880694134094,0.1138451130280046,0.12788967146151564,0.147554383058906,0.13477569654726818,0.10011318655225931,0.045368058378208564,0.134741848258627,0.13437275249657266,0.07587097065814052
0.08234516336538034,0.11368332650990509,0.08692379916005788,0.07177955809521386,0.11365386512087239,0.1294155549407584,0.12743624869883508,0.1231981109567647,0.1282108535769656,0.06590086908414783,0.1042058349604964,0.0,0.062121774014958775,0.07695694342687687,0.05335383696374296,0.06459543815775737,0.0878192015532211,0.06700009526045769,0.14558718946326954,0.10820820169199441,0.1063880063494983,0.03259282489001902,0.09125903852144024,0.1237936164088812,0.11715744424172658,0.1354703592614086,0.11308746622788057,0.10722604748390185,0.10097921844077007,0.11698176665592752,0.09340461918464882,0.1112383855632082,0.09152612253547143,0.12723153453407,0.07313569746568005,0.12356427844216955,0.07748183295886768,0.044748095016394984,0.045874712153198494,0.15148139270284822,0.05848360358723992,0.12542553737838835,0.15085566376658555,0.1179078586238893,0.12790271873602244,0.12625584307776627,0.13793696563787816,0.09637569995878392,0.12486016051554216,0.04285050233607035,0.0621944043517374,0.1132667417705463,0.08442844344158229,0.0726696465733464,0.11444018456358984,0.12627529955978012,0.09532842915909179,0.10836483750621662,0.11602638071319615,0.09801074244352537,0.11015196272299299,0.1134519288138025,0.08906852459457237,0.1326214541086852
0.09538660335869353,0.1229407272792431,0.06272710486047162,0.09505396350862694,0.12913069559865864,0.1334050309572835,0.14313667479513903,0.12350923003700076,0.1446404266541026,0.05121926108221875,0.1285227233350279,0.062121774014958775,0.0,0.07970267949034904,0.0420734217638542,0.06422221618351809,0.10687840777076985,0.06842874192994242,0.14543235947793454,0.12187133839917341,0.08390280163784458,0.07226965682096753,0.043946591182846384,0.11967019999057915,0.14465484875569512,0.1405628496776743,0.11740364879598097,0.0862696838463809,0.08290891388558452,0.12868897138391167,0.09007695537725446,0.13383242102923332,0.11237188685488786,0.13814716084911682,0.0907831497280629,0.13654918752004808,0.10658277849632336,0.06744846439965957,0.041441783039484315,0.1390306026860998,0.06702085170257321,0.1173323432641763,0.14238172641849123,0.09339716523778796,0.13625993728663455,0.1204077030790035,0.12167288447558788,0.1075646875669205,0.10143353658582754,0.07131407957982994,0.07759222444357627,0.09083383157762737,0.10847951684700763,0.0349191771286953,0.1233562291821747,0.12805495346862084,0.07281391086910316,0.11697409632298006,0.09612113787790921,0.08767708170757915,0.13211788023229032,0.09204961401616218,0.07383557339813374,0.13041925360974682
0.1112360104210961,0.12227949858397114,0.09532165222904354,0.10357104759052815,0.13108815169979737,0.13600038289569838,0.14981306914653392,0.11703588096929751,0.14025043429754647,0.09199791771218191,0.1391283983769993,0.07695694342687687,0.07970267949034904,0.0,0.06468161988300902,0.07647402177199492,0.11851842182411643,0.08011781447299537,0.13845197975886359,0.13010355669896856,0.09647948647151294,0.06442021619109983,0.08361612914000194,0.14214721372268901,0.1474396919547475,0.1273169641009816,0.12769519004725616,0.10230177924875794,0.08981922826404465,0.1374492963920695,0.11311666170464874,0.11742307048725154,0.09667526924495873,0.13359029450860982,0.11153781870202018,0.14351193003494134,0.10062456489518334,0.0869208428060817,0.063896359839683,0.1514393915427803,0.08367687418655678,0.13352576028018248,0.14633032999436024,0.12655935423192632,0.1312642355464444,0.1365957619524878,0.12302389206990982,0.11680299808341355,0.13739723755868516,0.08633636212379969,0.08615179249028493,0.12534810819397424,0.11598366595031795,0.057156613588666416,0.1317540050782089,0.14670622012280943,0.10718269138450898,0.12988510643721984,0.12191760906210503,0.10856025696320337,0.10997123848455659,0.09839068674366547,0.08937241394284035,0.14395676392484547
0.10032268789102106,0.12167771109752401,0.06926881011641062,0.10316039444142933,0.14426387881919323,0.14037356191046546,0.13271298621176864,0.13187394676251685,0.12461072279624896,0.04843944029469904,0.11770577496307133,0.05335383696374296,0.0420734217638542,0.06468161988300902,0.0,0.06010743546531239,0.11124949874932,0.04905883438227743,0.15075288681724652,0.12302335870951775,0.09604594467474026,0.03161384730227912,0.047936750427020836,0.12635462783550966,0.14550975087582074,0.13467098920874643,0.11673020473288787,0.08896257262322538,0.08286969889098472,0.13482130482598098,0.09686972720577502,0.12828082065809476,0.11158881592926151,0.14100758096972765,0.09293306813246627,0.13972597485154648,0.08748360186171045,0.043429857412889405,0.0198924392656874,0.14075480811595842,0.05254665355523325,0.12764849816770296,0.1486696664915924,0.09161703647103314,0.1369140727389767,0.11231554572545543,0.11951698725820603,0.08934450245571746,0.10556012124797332,0.06683800649645955,0.043004497961240395,0.11254642128397518,0.11014262705220201,0.04389321372640531,0.14145279086863882,0.1387609193668088,0.08092701882871778,0.1186738237503061,0.10389524800502792,0.07804513308101146,0.10876407881703798,0.09739809134591493,0.08404659759443578,0.1272306835115492
0.12606867857061665,0.13417298433838276,0.051840280151553175,0.11680223322056871,0.13862900259747168,0.13319367254596426,0.1434373613113369,0.1317857968405276,0.11089544138620144,0.0679940053430147,0.13508665193922298,0.06459543815775737,0.06422221618351809,0.07647402177199492,0.06010743546531239,0.0,0.12134600020818287,0.07560779950693197,0.13906819506280832,0.1271092227874019,0.06251848554662287,0.06936285359794114,0.05910796639693927,0.12408947587184438,0.13975389427048346,0.13327882396369717,0.13688296863727467,0.08113704144732536,0.06802837820839835,0.1414369754872471,0.09297264662201399,0.12671499972034084,0.10535923235694789,0.14491595707413918,0.10030400307176901,0.13480956573258773,0.10471640092605339,0.07104934196956836,0.02130727001866195,0.11223305802206685,0.05633525198568823,0.1049782268959667,0.130216946528104,0.08012401454989326,0.13793267054438418,0.12811485321424743,0.12439274470080164,0.10928401402386678,0.084419944206099,0.09686473613755509,0.046272950845459015,0.07488518796062993,0.11880607047392744,0.02743931183690873,0.12992416909592763,0.12444485091793434,0.07019338565677846,0.09135612143832683,0.06589419580313838,0.10965468015016955,0.11444897088159289,0.08546068722469613,0.04971863783393893,0.11892158279170073
0.0645154960918336,0.05280925148770932,0.11741646846979936,0.05141266017844304,0.06178537594996836,0.10604944226101332,0.06647478763129377,0.06332772152414379,0.10661444026484268,0.11404316214233434,0.03815473800445368,0.0878192015532211,0.10687840777076985,0.11851842182411643,0.11124949874932,0.12134600020818287,0.0,0.09926659454854769,0.1311861547963743,0.056657959198963104,0.12496372870077554,0.07527755987824358,0.12583138060839882,0.08156433221667236,0.1150393821263932,0.11359545720658881,0.06052931161858821,0.12263213228734804,0.13064017085692137,0.1062256892408382,0.08543484317036498,0.06620882642914427,0.03321778081087545,0.07361685765724446,0.06382072321828391,0.08696518082861315,0.04586275168396858,0.07916238259411468,0.09559007185642165,0.1421079620418949,0.10198920208519857,0.11423035570378903,0.1348260635537898,0.13578116936137896,0.08753992515038223,0.11210523822262342,0.07829845963556181,0.04590172788440261,0.14381115000960532,0.08088160859918192,0.13089801152445935,0.1380949568045169,0.0400344219138945,0.10111447547043251,0.1152805200210415,0.11059880896706398,0.13202090694000668,0.12833145065470586,0.1375555751156119,0.09001673854583048,0.06118631783878947,0.11990457339058169,0.13299910039250007,0.09117051524003739
0.12073589182155553,0.11585709832751978,0.08222690521132192,0.09721272256221991,0.13235311630762892,0.13603461625817803,0.14142312234985055,0.11554355043066256,0.11856988891536979,0.07417785587881154,0.1101885899188978,0.06700009526045769,0.06842874192994242,0.08011781447299537,0.04905883438227743,0.07560779950693197,0.09926659454854769,0.0,0.14258208509057346,0.1302434650763128,0.09796425047860724,0.06711190951739543,0.06243228203839668,0.13287529929229536,0.13883366474535463,0.1239058803525045,0.12387899015295334,0.10718894696504067,0.0913817229695284,0.13020929412183757,0.08090486039407552,0.11837000145387688,0.08857162999002088,0.14309799285941982,0.08175638835013155,0.14575725493150726,0.08693938486757602,0.06437460548322071,0.04711789676560807,0.16015973979004028,0.08856468488364533,0.12773486655740518,0.15069654417064582,0.11930521422933515,0.13116450507324195,0.12143169480492733,0.1263245737386357,0.09805379966653238,0.13195074302438303,0.09181548843499476,0.06444511992688351,0.10921139350429399,0.10955620493043383,0.07147763402965157,0.12479863950689263,0.13500144732176422,0.08810367528993712,0.12415468364278381,0.12689355893523424,0.09399850641138063,0.11613877274554962,0.11517550421646272,0.08110246814090194,0.13999648357037897
0.16514473677455355,0.14979822012813748,0.130187801131311,0.13172371991191778,0.14531988161466602,0.08781981793198668,0.12131023361092053,0.14015630058959727,0.08941856480476562,0.13979130356422698,0.14105700611091232,0.14558718946326954,0.14543235947793454,0.13845197975886359,0.15075288681724652,0.13906819506280832,0.1311861547963743,0.14258208509057346,0.0,0.1305430466582468,0.10962197661886885,0.15266743745512124,0.14964379272752026,0.11527188737672622,0.11399129673972541,0.062216181514758606,0.14359212915753805,0.13865987500790378,0.1271172216076769,0.10312035165101874,0.15983571827503196,0.11228076544994736,0.14013099006412355,0.14440275521762092,0.14189435907760273,0.10833078868782031,0.14507021814356946,0.1546284388781225,0.12584213507020137,0.10680762581056003,0.15323087799667878,0.08111227117114705,0.10552928749147972,0.11618645093579927,0.10463538627902902,0.08253625789526275,0.15007057062625462,0.1465643987318499,0.11753725242508317,0.1403766537593203,0.14376494069016443,0.13383981507236764,0.13726414756860916,0.1261388829009621,0.08103066081462851,0.08117772922760791,0.1298915163166564,0.10532178306948414,0.11933294384161097,0.17557505705408638,0.12164368434042705,0.11501325331507728,0.12889915681105835,0.07964883988004123
0.08207698082455261,0.055976018159727636,0.11889097708038388,0.07223836560336283,0.07904691757593119,0.09813571773843177,0.07119529336773978,0.07523059610038907,0.09947967093243815,0.12513097059554146,0.07188456809434174,0.10820820169199441,0.12187133839917341,0.13010355669896856,0.12302335870951775,0.1271092227874019,0.056657959198963104,0.1302434650763128,0.1305430466582468,0.0,0.11907393475065953,0.11744291347867863,0.13771348325093624,0.09100957911729302,0.11453001519857953,0.09710077656875749,0.0683524083199013,0.1298615252854185,0.13983332201118348,0.11167888367162093,0.09140177825718099,0.06911811113988942,0.06073916003069946,0.08537120772859264,0.08653953084600496,0.05787117923018037,0.09131699086695955,0.09079372142783015,0.11399658944571023,0.139365568917579,0.13820350842276197,0.12035428366275736,0.14746424446623074,0.14305655101735348,0.0780455230497834,0.09550720754097364,0.07064534836361491,0.0919645369566634,0.1377137270675296,0.11945221286703267,0.12876601378208963,0.15022132575219826,0.08121588571965943,0.12252341010023082,0.10797979461559082,0.10175482663269853,0.14262291143069528,0.13584492311278595,0.13433747128248863,0.11928798728264645,0.03306491735013817,0.14193114133517093,0.1242070233397341,0.08619043140738891
0.13336377299250868,0.12778221968434245,0.05545913258811974,0.1189121859222938,0.1380166075468121,0.11668624640316771,0.1233824914126731,0.13828354833650236,0.11702942592608101,0.06981870637575227,0.13414729034881612,0.1063880063494983,0.08390280163784458,0.09647948647151294,0.09604594467474026,0.06251848554662287,0.12496372870077554,0.09796425047860724,0.10962197661886885,0.11907393475065953,0.0,0.1087704871304972,0.0974774263600765,0.13016073748537094,0.1290849008265702,0.102504008917224,0.11791263202178048,0.05587211014968074,0.050346148370839394,0.12468022025761472,0.13689257575493408,0.11635532603477883,0.13958269697866355,0.1330425486119623,0.12020244439091554,0.12318196622385702,0.13453538364381634,0.11910097404281439,0.05026665475759429,0.09746519830293732,0.10007193630476552,0.06135749504247778,0.11983079515149353,0.038909857780721646,0.13438591777409636,0.11036220890250115,0.13323094017767678,0.12435046297983843,0.04701076861591735,0.13055109865634218,0.06396867117737304,0.053249708198705004,0.12375280623789464,0.05655410643107861,0.107892770636554,0.11071318533022434,0.06563233273021152,0.05112508145812533,0.05572608216715447,0.12207464846857963,0.11734194106487272,0.041644575544545925,0.029507400179979548,0.10192380116616351
0.08899493421412774,0.10694210794188896,0.07926503136742147,0.07892896284405793,0.10877256208250263,0.1304083438747874,0.13868996573170556,0.11101442802508654,0.1261082069440569,0.0616308476226185,0.10127731100854154,0.03259282489001902,0.07226965682096753,0.06442021619109983,0.03161384730227912,0.06936285359794114,0.07527755987824358,0.06711190951739543,0.15266743745512124,0.11744291347867863,0.1087704871304972,0.0,0.05352342576565461,0.1473044648101347,0.12786564840254988,0.10992974041291248,0.10352664228647224,0.09550213887425041,0.10464118082831086,0.12223878590297022,0.07542483393044863,0.11967558759301933,0.05981233491361804,0.11880376381220126,0.07338001175569253,0.12082429641571657,0.08048308163071383,0.05160302832063568,0.04257424602998239,0.13882505108520327,0.05164785096861302,0.09967205606543461,0.13248416996264745,0.11281986091649743,0.1227198413670284,0.12916568011629082,0.10866046892380232,0.09238616268806754,0.13528065830856462,0.05974733934234755,0.07387201091874118,0.10716622553084021,0.07644231215458319,0.056594274502777764,0.123950803876266,0.11740799827995685,0.07910436171003843,0.11590438751932564,0.1122967245244667,0.07576183132011272,0.1168015108141901,0.10518193113720464,0.09521471852426744,0.12132233132188952
0.12346605833534663,0.14210801427921937,0.06337418089710545,0.10152112374362798,0.12364079710942477,0.11797656472730189,0.15396502827776992,0.13092691554323777,0.12394816947733867,0.059148819935219255,0.12437826107659933,0.09125903852144024,0.043946591182846384,0.08361612914000194,0.047936750427020836,0.05910796639693927,0.12583138060839882,0.06243228203839668,0.14964379272752026,0.13771348325093624,0.0974774263600765,0.05352342576565461,0.0,0.1262834984979636,0.14713040736411953,0.11539506468024796,0.14100715469073788,0.07543065154928674,0.0728619807314842,0.13060621952127183,0.11899123147892454,0.1212642870905184,0.10489789310478537,0.13828700937276095,0.10997879472144678,0.130356168190227,0.11047289788861459,0.08416725290720861,0.034806240550622314,0.1401265547023427,0.06192534389356408,0.10773616772508321,0.13920130798352204,0.09706334305065223,0.12698168411862598,0.11976476921434398,0.1407371711255161,0.12163823729976497,0.09430506958313123,0.08136446802540453,0.049057767980610234,0.09975417350376459,0.12115681799395772,0.035088853220067384,0.13160624502292495,0.1245766398734881,0.06367021566124609,0.12250819998667872,0.08724986759884013,0.11591622511343713,0.12231792611212866,0.09010807581579894,0.05907494664671831,0.12657644167169957
0.10364758502602123,0.1062003621643074,0.1267277930577254,0.10483071952294443,0.07784909623068237,0.05107104939054097,0.07148386544510932,0.05213810319063683,0.06570817497913428,0.14703417302689403,0.07660883024990484,0.1237936164088812,0.11967019999057915,0.14214721372268901,0.12635462783550966,0.12408947587184438,0.08156433221667236,0.13287529929229536,0.11527188737672622,0.09100957911729302,0.13016073748537094,0.1473044648101347,0.1262834984979636,0.0,0.07286257145170572,0.052998016476480614,0.08248671268772989,0.13494105219610775,0.1278399993357512,0.04919711188033837,0.1112656486776088,0.05514525040718765,0.10358050914499006,0.0945279223458505,0.12442691002033446,0.05514358534754782,0.10507123269540408,0.1301933279555615,0.1221838113178717,0.1301459865983018,0.12548101543384838,0.11776578787943481,0.11117685214334283,0.11967076923238729,0.062100566154913106,0.04087217908356977,0.08026875490332974,0.10234894368609038,0.1391734971494395,0.13350540668686195,0.1369144199475244,0.14829655535687958,0.08693913362493644,0.1314206458972692,0.0576839036779192,0.0790894499542324,0.1341148519525499,0.11878667404606658,0.1297213124843134,0.13278441769966853,0.049881167247169844,0.13127852272230955,0.1370207034225286,0.04656374972524746
0.12323270222367644,0.12656494962800624,0.13039390220006097,0.12500743638748624,0.08951682524947446,0.0257038358967121,0.07332502556061593,0.08651857874844437,0.041014710807210863,0.14589058654824116,0.11296760666546857,0.11715744424172658,0.14465484875569512,0.1474396919547475,0.14550975087582074,0.13975389427048346,0.1150393821263932,0.13883366474535463,0.11399129673972541,0.11453001519857953,0.1290849008265702,0.12786564840254988,0.14713040736411953,0.07286257145170572,0.0,0.05243445635837263,0.11445762852485941,0.14455889961452495,0.12359775083670499,0.044622822524836514,0.13334942095659663,0.06261622698497671,0.10862489721995428,0.0991307157430138,0.13871484997565198,0.0569216106394973,0.13027581052802906,0.13416425077995786,0.134676275130168,0.1158662772250939,0.13828960115534294,0.11159976100712421,0.08931490675026099,0.12778600807947216,0.05406717887671175,0.037703339286301873,0.11657931974661062,0.14717622939148778,0.1339438119862939,0.15389463313488716,0.14538324398228608,0.142160880409139,0.13651276869208584,0.12189186348608216,0.044944660695471206,0.06318129811817641,0.1253748096400814,0.11842074997005791,0.13248545979541282,0.14885722633850018,0.07514906132432897,0.1261678191158473,0.12739033020148738,0.0313048488400236
0.12817274810053092,0.11878335272887275,0.12396978987405394,0.11259352922443344,0.08516581672146994,0.032193841913452204,0.07753632479523553,0.08739601259592122,0.05178889263022879,0.12015113690105073,0.09958194077430049,0.1354703592614086,0.1405628496776743,0.1273169641009816,0.13467098920874643,0.13327882396369717,0.11359545720658881,0.1239058803525045,0.062216181514758606,0.09710077656875749,0.102504008917224,0.10992974041291248,0.11539506468024796,0.052998016476480614,0.05243445635837263,0.0,0.10708312763422956,0.12919520402214835,0.11359868580436827,0.023851251935305795,0.13519681765733893,0.04948559365416849,0.10494281441434661,0.08050359846304556,0.11250004512767242,0.06121043603709786,0.1139701655862776,0.1398695477601044,0.10859378935206032,0.1062798778278703,0.13805447902686874,0.0743778945479715,0.08622394684201351,0.11089286526340536,0.06961734810001918,0.02133995033466818,0.09096602798350562,0.11377317954584154,0.11855324190307781,0.12872654088664826,0.1268344390335846,0.12046853423541715,0.11711006061723372,0.10442066789265392,0.03744955528110039,0.02050031544859432,0.1168634199347246,0.10752476748238526,0.10219261638593302,0.13871491013321524,0.06332823238919771,0.12484612129305761,0.12860543282372883,0.0
0.08331673930381855,0.06769559510788503,0.13538826409148008,0.06727105302091252,0.07632208835610876,0.09367750865796443,0.049293352930360745,0.07184733800469778,0.12024845588948152,0.12668381274549034,0.07742077991043617,0.11308746622788057,0.11740364879598097,0.12769519004725616,0.11673020473288787,0.13688296863727467,0.06052931161858821,0.12387899015295334,0.14359212915753805,0.0683524083199013,0.11791263202178048,0.10352664228647224,0.14100715469073788,0.08248671268772989,0.11445762852485941,0.10708312763422956,0.0,0.12822281975545957,0.1281397782796465,0.10633625633844312,0.09464218906855504,0.07851606384040521,0.06237251416650291,0.07249774756765393,0.09360092010366516,0.06502313607264698,0.0842664239084997,0.10050932635803345,0.12433968159115383,0.1388737411469666,0.13533729844632736,0.1396872604477083,0.15452148976277746,0.13016519771347712,0.10093907867814478,0.10079978694494063,0.08126175384858236,0.09445516594812298,0.14328921453350474,0.11555235712499068,0.12425916281363436,0.13766024265019539,0.06660973082771215,0.12865785899321946,0.11123601788811799,0.09720863524760881,0.12881736115635356,0.12419003973870757,0.13426670385717376,0.11975918044955158,0.06187645457141333,0.13137145046716314,0.12277987394658418,0.08763497294208922
0.13721899330601028,0.1374750595521943,0.040869231263223504,0.12293289082684611,0.13525998299328823,0.13196495879873127,0.122175623187602,0.11160441839757407,0.14590976644880083,0.045083128880657464,0.13181258296904375,0.10722604748390185,0.0862696838463809,0.10230177924875794,0.08896257262322538,0.08113704144732536,0.12263213228734804,0.10718894696504067,0.13865987500790378,0.1298615252854185,0.05587211014968074,0.09550213887425041,0.07543065154928674,0.13494105219610775,0.14455889961452495,0.12919520402214835,0.12822281975545957,0.0,0.07124082433791068,0.13327003504122004,0.12519312147296435,0.1242544905350269,0.10837047668661548,0.1315416395187614,0.11881094283435656,0.11662794175765356,0.10653962761787072,0.09800678690525022,0.040852115081874696,0.10330901759436495,0.08604309995140658,0.09379468125473689,0.14110049053402052,0.09212330191018692,0.13729072768128625,0.11600600074767575,0.11310508735749547,0.13144175107396738,0.07246392185067285,0.1084287584289143,0.06447825350667402,0.06377928506096808,0.12636905180227942,0.053885703263172435,0.1325616439676679,0.11876323884251017,0.0628239441658014,0.0959399822444924,0.06504498769113864,0.11289693712223448,0.11543162473116952,0.061935253695916015,0.041566015236786824,0.11653082249782043
0.12872303319932454,0.12248252702766471,0.0726402065926045,0.14517356476577792,0.13713097698529841,0.12646786418893252,0.13840584237684517,0.13334993431900233,0.13189588425876675,0.06174978977660206,0.13208399506432467,0.10097921844077007,0.08290891388558452,0.08981922826404465,0.08286969889098472,0.06802837820839835,0.13064017085692137,0.0913817229695284,0.1271172216076769,0.13983332201118348,0.050346148370839394,0.10464118082831086,0.0728619807314842,0.1278399993357512,0.12359775083670499,0.11359868580436827,0.1281397782796465,0.07124082433791068,0.0,0.12437281019108104,0.11812909977043928,0.12022174253103024,0.12356999408768721,0.14062809691889,0.1208578101667449,0.118476003537762,0.13394989446510652,0.10728143477208651,0.038604629688921865,0.11388641452069403,0.08838772157121788,0.06753887326441188,0.12966006926172569,0.04668260684344494,0.13313147531141445,0.12100076666838544,0.12422261284584912,0.12729387335584152,0.04794888142682174,0.12092905903880102,0.086812630992679,0.06476840698806197,0.1266104592734988,0.05198208351082001,0.11659557454923897,0.11915013360042703,0.0425288850195924,0.07970854761026602,0.07795850344479727,0.12650103460288753,0.11640008549747305,0.04978037157695081,0.018271470627701847,0.11392189422344756
0.11871191842660811,0.1268532853925325,0.13442081322966082,0.11699814513834939,0.058802106747291916,0.0003608819345930492,0.06555770078096468,0.07324044444659916,0.029818101572139377,0.13485110364911668,0.09491845798881204,0.11698176665592752,0.12868897138391167,0.1374492963920695,0.13482130482598098,0.1414369754872471,0.1062256892408382,0.13020929412183757,0.10312035165101874,0.11167888367162093,0.12468022025761472,0.12223878590297022,0.13060621952127183,0.04919711188033837,0.044622822524836514,0.023851251935305795,0.10633625633844312,0.13327003504122004,0.12437281019108104,0.0,0.11831772792203832,0.042551225030990625,0.1086290561077613,0.0789167998986291,0.11728180917723707,0.03128296658741214,0.10666291352574253,0.13121992023595164,0.11853446281039226,0.11465946500765611,0.1380276777861722,0.09232584015669787,0.08938383320691923,0.11815419032491692,0.028630484661160138,0.026551244508049687,0.10856050630927772,0.12150982184336623,0.10879246730315995,0.14099909506878094,0.12624204468219735,0.1236697343687938,0.11240590255542904,0.11713398941991515,0.0481104790705319,0.026643403999914828,0.12248519724306739,0.12862537002922647,0.12866151457554842,0.13336470748731544,0.060323035560307714,0.12044141069126746,0.1184971142825384,0.014952259226158948
0.08661178233061784,0.08182501881834958,0.11467977085276049,0.08383694315889112,0.11570843970299627,0.12850015696351735,0.10486447086006767,0.08823617058039468,0.13397051669559878,0.10136962018851758,0.08929286617515408,0.09340461918464882,0.09007695537725446,0.11311666170464874,0.09686972720577502,0.09297264662201399,0.08543484317036498,0.08090486039407552,0.15983571827503196,0.09140177825718099,0.13689257575493408,0.07542483393044863,0.11899123147892454,0.1112656486776088,0.13334942095659663,0.13519681765733893,0.09464218906855504,0.12519312147296435,0.11812909977043928,0.11831772792203832,0.0,0.11013554333740094,0.0794274796208595,0.12181835175945588,0.07325293624789964,0.10731232541173841,0.07741035395619666,0.07264351475917685,0.09138783492982705,0.15208076073342824,0.10450240250918463,0.13035412112332623,0.15007587036895453,0.14052763459905404,0.12038327308686825,0.12385722122678444,0.0953132331066302,0.0856532940120387,0.12874607064055688,0.09163122031368187,0.11173777919460859,0.13488983302671953,0.062212007628986044,0.09541804270511711,0.13748245648438706,0.12805684111823967,0.11783838150078363,0.13337395847927247,0.13420966036341464,0.09491616324103347,0.10151592551631827,0.1286189057869297,0.14251336271698567,0.12203742775852722
